SALTA, -24.224000 -66.340000 4000 
PSGCX, -19.597167 -70.123000 966 
MNMCX, -19.131000 -69.595500 2304 
HMBCX, -20.278167 -69.887833 1152 
PATCX, -20.820667 -70.152833 832 
SALT, -24.224000 -66.340000 4000 
PSGC, -19.597167 -70.123000 966 
MNMC, -19.131000 -69.595500 2304 
HMBC, -20.278167 -69.887833 1152 
PATC, -20.820667 -70.152833 832 
TCP, -22.104333 -70.213833 55 
HYO0, -12.420000 -75.321000 3330 
YCA0, -15.611000 -74.552000 80 
QLK0, -16.715000 -72.427000 85 
TOQ0, -17.304000 -70.643000 2586 
GUA0, -13.998000 -75.790000 690 
HYO, -12.420000 -75.321000 3330 
YCA, -15.611000 -74.552000 80 
QLK, -16.715000 -72.427000 85 
TOQ, -17.304000 -70.643000 2586 
GUA, -13.998000 -75.790000 690 
PAYG, -0.674000 -90.285833 196 
OTAV, -0.237667 -90.285833 3492 
AP01, -18.370833 -70.342000 21 
AP02, -18.843000 -69.143667 4339 
BO03, -34.496167 -71.961333 168 
BO04, -33.988833 -70.609000 687 
TA01, -20.565667 -70.180667 75 
TA02, -20.270500 -70.131167 86 
AF01, -22.952000 -68.178833 2249 
RPN, -27.127000 -9.334000 110 
LR02, -39.806000 -73.250500 67 
LR03, -39.632167 -72.345667 293 
LR04, -39.880167 -73.425833 139 
LR05, -40.230000 -72.004333 203 
BI05, -36.747833 -73.190333 99 
LL01, -42.378667 -72.412667 62 
LL02, -43.190667 -71.848333 368 
LL03, -41.138333 -72.403500 250 
LL04, -40.909833 -72.408333 285 
LL05, -41.405333 -73.474333 212 
LL06, -42.215167 -73.628333 180 
LL07, -42.832333 -73.477833 55 
AY01, -44.420833 -72.648167 9 
AY02, -46.483833 -73.194667 75 
AY03, -47.253000 -72.409167 174 
VA02, -27.160333 -9.434667 49 
VA01, -33.022833 -71.647333 37 
VA03, -32.763667 -70.550833 1053 
VA04, -33.642667 -78.829833 117 
S3, -33.818167 -78.857000  
N3, -33.441667 -78.929000  
VA05, -33.657167 -71.614333 80 
VA06, -32.561167 -71.297167 122 
MT02, -33.259167 -71.137667 338 
MT01, -33.864167 -71.250833 310 
MT09, -33.776167 -70.988667 1371 
MT04, -33.404500 -70.137167 2083 
MT08, -33.445833 -70.017167 2085 
MT10, -33.272833 -70.537167 1420 
MT12, -33.732667 -70.548667 727 
MT13, -33.743500 -70.286167 1198 
MT14, -33.395667 -70.536167 855 
MT15, -33.599333 -70.506167 784 
MT16, -33.428500 -70.523333 525 
MT18, -33.463167 -70.664333 680 
BI02, -36.663500 -71.273167 913 
BO01, -34.391833 -71.084833 262 
BO02, -34.792500 -70.781500 886 
BO06, -33.952500 -71.824667 168 
LC01, -38.897500 -71.876000 471 
LC02, -38.791833 -73.394667 67 
LC09, -39.486167 -72.153167 213 
U14B, -36.857833 -73.079833 27 
3A14, -36.857833 -73.079833 27 
U65B, -34.964167 -71.788667 66 
U69B, -34.370667 -71.179833 163 
U73B, -33.916333 -71.419833 186 
AYCH, -45.401667 -72.694000 22 
MACH, -22.195500 -69.757667 2003 
YJA, -22.175833 -65.514167 3510 
SLA, -24.721167 -65.504500 1520 
AHML, -26.784667 -65.334500 670 
CYA, -28.441667 -65.802000 540 
VCA, -28.736333 -68.205500 1500 
RTLL, -31.329167 -69.474833 690 
TCA, -31.337000 -64.595500 1035 
USHA, -54.832000 -68.433333 107 
CHFR, -45.460500 -72.820000 31 
OHGG, -48.468167 -72.559833 275 
CHPI, -34.390333 -72.003333 20 
ARCH, -18.490667 -70.296500 58 
ARE, -16.462167 -71.491333 2452 
PECH, -22.597833 -69.674333 1463 
TAIQ, -20.243833 -70.140333 90 
TOCH, -22.093500 -70.200833 45 
CHTN, -42.928167 -72.715667 5 
HUNY, -42.379000 -72.414333 21 
QLLN, -43.104500 -73.622333 129 
FUTA, -43.188833 -71.852500 354 
AYSN, -45.404167 -72.688000 14 
STAB, -42.856000 -72.792167 100 
STB, -42.856000 -72.792167 100 
PUMA, -42.605000 -72.580500 100 
PUM, -42.605000 -72.580500 100 
MENT, -45.408333 -72.970333 55 
PUEL, -41.663667 -72.296000 25 
VNVI, -39.309167 -72.161333 310 
MELI, -39.179333 -71.717167 800 
CHOS, -39.838000 -72.082667 150 
RANC, -40.338000 -72.477500 150 
RAN, -40.333333 -72.471667 470 
LON, -38.467667 -71.573833 945 
CHO, -39.834500 -72.080167 150 
CAL, -22.458667 -68.930167 2300 
CALA, -22.458667 -68.930167 2300 
MECH, -23.103833 -70.448333 18 
MICH, -22.678000 -70.187500 769 
PB18, -17.589500 -69.480000 4104 
PB19, -23.904833 -69.290667 2450 
PB16, -18.335167 -69.507667 4480 
PB12, -18.614000 -70.328167 908 
PB11, -19.761000 -69.655833 1410 
PB08, -20.141167 -69.153333 3070 
PB01, -21.043167 -69.487333 900 
PB02, -21.319667 -69.896000 1015 
PB07, -21.726667 -69.886167 1560 
PB09, -21.796333 -69.242000 1530 
PB03, -22.048500 -69.753167 1460 
PB04, -22.333667 -70.149167 1520 
PB06, -22.705833 -69.571833 1440 
PB05, -22.852833 -70.202333 1150 
PB15, -23.208333 -69.471000 1830 
PB10, -23.513500 -70.554000 250 
PB14, -24.626000 -70.403833 2620 
PX02, -18.963333 -70.198167 990 
PX03, -20.403500 -69.630833 990 
PX06, -23.511500 -70.249500 700 
LVC, -22.612833 -68.911333 2195 
PB13, -18.335333 -69.501000 4853 
LASZ, -23.348000 -67.782000 4125 
LLCH, -33.610500 -71.618167 30 
BOR2, -33.610500 -71.618167 30 
PR35, -33.610500 -71.618167 30 
PR27, -33.610500 -71.618167 30 
IQU, -20.214000 -70.137667 85 
IQUI, -20.214000 -70.137667 85 
PICA, -20.490000 -69.320000 1366 
PIS, -17.642833 -71.342167 47 
VICH, -31.911167 -71.510333 43 
CPN, -24.626000 -70.404000 2600 
SOT, -19.594000 -69.215000 3416 
ZAP, -19.645000 -69.976000 1260 
PAM, -19.876000 -69.815000 1181 
TAR, -19.912000 -69.501000 1570 
PAN, -18.613667 -70.030667 1220 
PUQ, -18.200667 -69.775500 3600 
MIN, -18.383500 -69.370500 4300 
ATA, -19.300333 -70.138000 1490 
CAM, -18.616667 -70.323000 915 
CAR, -18.716500 -69.657833 2880 
MIN, -18.383500 -69.370500 4300 
ATA, -19.300333 -70.138000 1490 
CAM, -18.616667 -70.323000 915 
CAR, -18.716500 -69.657833 2880 
CHA, -18.334833 -69.500667 4750 
GAR, -18.769167 -69.921167 1530 
POC, -18.454833 -70.108167 1100 
QUI, -19.330833 -69.528167 2550 
VIC, -18.956000 -70.065167 1235 
VLP, -33.025833 -71.641167 88 
LQT, -33.814667 -70.211833 1400 
YECH, -33.665333 -70.083333 2577 
LAV, -33.087333 -71.746167 60 
LACH, -33.451833 -70.530833 690 
TMU, -38.734333 -72.600667 100 
TMUZ, -38.718000 -72.538000 100 
TMUZ, -38.718000 -72.538000 100 
TMUN, -38.718000 -72.538000 100 
TMUE, -38.718000 -72.538000 100 
PAIZ, -38.874000 -72.646000 980 
PAIN, -38.874000 -72.646000 980 
PAIE, -38.874000 -72.646000 980 
PUCZ, -39.283000 -71.986000 220 
PUCN, -39.283000 -71.986000 220 
PUCE, -39.283000 -71.986000 220 
CHOZ, -39.835000 -72.080000 150 
CBUZ, -41.246000 -72.746000 250 
CBUN, -41.246000 -72.746000 250 
CBUE, -41.246000 -72.746000 250 
RANZ, -40.333000 -72.472000 470 
RANN, -40.333000 -72.472000 470 
RANE, -40.333000 -72.472000 470 
PILZ, -42.558000 -72.492000 10 
PILN, -42.558000 -72.492000 10 
PILE, -42.558000 -72.492000 10 
MAVZ, -46.061000 -72.629000 774 
MAVN, -46.061000 -72.629000 774 
MAVE, -46.061000 -72.629000 774 
AYSZ, -45.378000 -72.688000 60 
AYSN, -45.378000 -72.688000 60 
AYSE, -45.378000 -72.688000 60 
TRQA, -38.056667 -61.979500 501 
PSCH, -38.799667 -73.391833 85 
FUTA, -43.188833 -71.852500 354 
CHRN, -47.249333 -72.590333 198 
CPP, -27.354167 -70.351167 384 
CAC, -22.479833 -69.026167 2000 
CFA, -31.604167 -68.236833 621 
CYA, -28.440000 -65.789667 567 
VCA, -28.737833 -68.201000 1500 
RFA, -34.769000 -68.459500 850 
MDZ, -32.883333 -68.850000 826 
VLV, -39.787333 -73.272500 12 
UTF, -33.034333 -71.602500 50 
NICH, -35.001500 -71.224333 220 
GO01, -19.687000 -69.184667 3445 
GO02, -25.162500 -69.590333 2561 
GO03, -27.593667 -70.234500 730 
GO04, -30.172667 -70.799333 2076 
GO05, -35.009833 -71.930333 488 
GO06, -39.583833 -71.472000 1265 
GO07, -43.114167 -73.664333 178 
GO08, -48.464833 -72.556667 314 
GO09, -51.270667 -72.338167 372 
GO10, -53.154667 -71.049833 652 
ATA05, -26.174833 -70.598667 390 
MAG01, -52.780667 -69.224167 104 
MG01, -54.932167 -67.630000 57 
MG02, -52.780667 -69.224167 73 
MG03, -53.848000 -70.462833 103 
MG04, -52.857333 -71.570167 147 
MG05, -51.678333 -72.503167 99 
TUNL, -35.670000 -71.340000 375 
TPL, -22.092000 -70.205667 40 
MNN, -19.196833 -69.686167 1995 
BACH, -33.352833 -70.491667 820 
CACH, -34.143000 -70.572000 1760 
CNCO, -35.735000 -72.533000 50 
CAUQ, -35.969833 -72.227500 172 
CHUE, -36.089667 -71.798333 161 
PANT, -35.461333 -72.302333 560 
COLB, -35.677333 -71.347667 436 
LNCH, -35.847500 -71.601333 170 
SJVR, -35.590167 -71.738333 97 
CRCH, -26.345500 -70.621333 10 
CDCH, -27.073000 -70.828833 43 
CPUP, -26.330500 -57.329167 5 
IHA, -33.025833 -71.641167 88 
ACAL, -33.397000 -70.534000 650 
GUCA, -33.397000 -70.534000 650 
CHCH, -33.933333 -70.652500 680 
CICH, -34.319833 -70.420500 1200 
CIP1, -34.319833 -70.420500 1200 
CTCH, -35.330833 -72.412000 10 
PACH, -32.537000 -71.437000 692 
COLN, -34.066667 -70.456667 2160 
GEOS, -33.146000 -70.675000 660 
FCH, -33.327667 -70.290667 2770 
FAR1, -33.327667 -70.290667 2770 
SCR, -33.430000 -70.624333 702 
GE11, -33.146000 -70.675000 660 
GE12, -33.146000 -70.675000 660 
GE13, -33.146000 -70.675000 660 
GE13, -33.146000 -70.675000 660 
GDGF, -33.456500 -70.664000 533 
JACH, -32.681833 -70.592833 1075 
LCCH, -33.475333 -71.569667 180 
OVA, -30.600833 -71.200667 500 
PEL, -33.143667 -70.685333 690 
PEL1, -33.143667 -70.685333 690 
ROCH, -32.976000 -71.015667 2220 
ROC1, -32.976000 -71.015667 2224 
MT07, -32.976000 -71.015667 2234 
SAN, -33.453167 -70.661667 533 
ME03, -33.493667 -70.510167 1088 
MT03, -33.493667 -70.510167 1088 
MT05, -33.391833 -70.738167 765 
ME05, -33.391833 -70.738000 722 
MA02, -35.760500 -71.417833 227 
ML02, -35.760500 -71.417833 227 
DG01, -33.457333 -70.661667 557 
DG05, -33.440500 -70.642833 616 
DG06, -33.478500 -70.527333 825 
DG11, -33.534167 -70.584333 663 
DG13, -33.393333 -70.567167 751 
FSR, -33.478500 -70.527333 781 
STL, -33.440333 -70.642833 616 
ME06, -33.440333 -70.642833 616 
SANZ, -33.453167 -70.661667 533 
SANN, -33.453167 -70.661667 533 
SANE, -33.453167 -70.661667 533 
PCH, -33.620833 -70.513833 1010 
LNV, -33.955500 -71.410833 160 
SJCH, -33.646667 -70.353833 997 
LAB, -33.456667 -70.663667 554 
ADGF, -33.453167 -70.651667 533 
PUEX, -33.441333 -70.757833 505 
SFDO, -34.614333 -71.013833 690 
TACH, -33.653333 -70.937667 440 
TLL, -30.169667 -70.805333 2260 
CPCH, -27.357000 -70.353000 371 
UDA, -27.358000 -70.353000 360 
IQQ, -20.242000 -70.141000 20 
ANCH, -23.680333 -70.408500 30 
ANT, -23.682000 -70.410000 30 
GCOZ, -36.816667 -73.033000 600 
GCON, -36.816667 -73.033000 600 
CON, -36.828167 -73.045000 46 
TIGO, -36.843667 -73.025500 46 
ACLL, -36.602667 -72.077167 123 
CCHI, -36.602667 -72.077167 123 
CCH2, -36.602667 -72.077167 123 
LAD, -35.596667 -70.977000  
DES, -35.612667 -70.797000  
TAT, -35.977000 -70.834000  
NIE, -36.100000 -70.574000  
MAU, -36.067000 -70.534000  
COL, -36.133000 -70.471000  
BOB, -36.007000 -70.548000  
ELT, -37.380500 -71.380333  
CLCH, -33.396167 -70.536833 865 
CL2, -33.396167 -70.536833 865 
CL2C, -33.396167 -70.536833 865 
DSCH, -33.398500 -70.568833 699 
GCLL, -36.600000 -72.080000 500 
CLL, -36.600000 -72.080000 500 
LNQI, -38.387333 -71.562667 1219 
MANZ, -38.464000 -71.698667 815 
VLCH, -39.806000 -73.246000 12 
UACH, -39.806000 -73.246000 12 
PMCH, -41.490000 -72.896667 36 
UAPM, -41.489833 -72.896500 20 
RTUM, -32.224167 -69.386333 1800 
RTLS, -31.799000 -69.296000 1900 
RTCV, -31.862167 -68.540167  
ZON, -31.545833 -68.678667 730 
ICA, -31.528167 -68.559833  
TMCH, -38.764000 -72.743000 101 
TEM, -38.749833 -72.616333 110 
UFRO, -38.749833 -72.616333 110 
TALC, -35.403833 -71.632167 125 
MFCH, -35.024500 -70.441333 1920 
UTAL, -35.398000 -71.634000 100 
LSCH, -29.908333 -71.245167 52 
LSER, -29.901500 -71.249667 50 
ULS, -29.901500 -71.249667 50 
LCO, -29.011167 -70.701000 2299 
CEN, -23.576167 -70.333833 1070 
MEJ, -23.099667 -70.495333 500 
MEJI, -23.099667 -70.495333 500 
ARIE, -18.491000 -70.311500 127 
APB, -22.851833 -70.229500 1450 
GOR, -22.867333 -69.345667 1860 
CUV, -23.571500 -69.930667 1310 
BAL, -23.446667 -69.586667 1840 
NOR, -23.114667 -69.963167 1520 
CRX, -24.169833 -70.368667 1590 
PAS1, -24.105667 -69.256667 2280 
HUCH, -31.464167 -71.221667 9 
CHNG, -31.882667 -71.499833 27 
ILCH, -31.629000 -71.163333 733 
CMCH, -31.173500 -71.001333 906 
OVCH, -30.601167 -71.201000 222 
NNA, -11.987500 -76.842167 575 
COCH, -36.131333 -72.788500 23 
CCSP, -36.844167 -73.108667 35 
AGCH, -37.809333 -72.696500 81 
PTCH, -32.251333 -70.930000 500 
ANTU, -33.569167 -70.633500 640 
RCDM, -33.489167 -70.806333 487 
SRP, -33.478500 -70.527333 781 
VACH, -28.575500 -70.758833 410 
FSR2, -33.478500 -70.527333 781 
LMEL, -33.847667 -70.203500 1510 
OSCH, -40.575833 -73.127667 45 
SPCH, -22.908333 -68.199500 2455 
lmc, -35.049000 -70.565000 1224 
LMC, -35.049000 -70.565000 1224 
lqc, -34.999833 -70.811500 671 
LQC, -34.999833 -70.811500 671 
RDC, -35.473500 -70.993500 1098 
PHC, -35.712500 -71.116167 494 
MOS, -35.124500 -70.966667 642 
QON, -35.222167 -70.968667 798 
CUL, -35.262833 -71.052167 569 
SIE, -34.805833 -70.758167 1016 
COYC, -45.573000 -72.081333 235 
BLA, -42.867000 -72.684000 158 
BO2, -42.817000 -72.678167 371 
CA2, -42.968500 -72.678833 70 
CAL, -42.822833 -72.641667 889 
CAV, -42.968500 -72.678833 70 
QUI, -42.773000 -72.607000 376 
ADA, -46.031500 -72.749000 1159 
AYA, -42.290667 -72.699667 66 
AYS, -45.378333 -72.688167 63 
CHA, -45.428000 -72.761167 67 
COR, -43.154000 -72.814500 1106 
COY, -45.541000 -72.055167 504 
EST, -45.176000 -73.326667 11 
FRIO, -45.984167 -72.942167 1080 
GLA, -42.784333 -72.510167 843 
GUA0, -52.237333 -73.139167 13 
HUDS, -45.959333 -72.886167 1000 
JUN, -43.993333 -72.462333 307 
LPS, -44.113667 -73.118333 44 
MAG, -44.634833 -72.925000 59 
MEL, -44.058333 -72.800000 843 
MOR, -43.205667 -72.880667 110 
PAS, -42.811167 -72.364833 1311 
PIE, -42.853500 -72.346000 1493 
POY, -42.364000 -72.543167 1282 
PUY, -44.320500 -72.567833 47 
RMB, -43.888833 -72.906833 37 
TUR, -42.919167 -72.386667 459 
USP, -44.952500 -73.103333 15 
ETRA, -45.176000 -73.326667 11 
TBIO, -42.919167 -72.386667 459 
VENT, -42.881500 -72.455167 458 
2488, -41.966333 -72.469833 20 
PUEL, -41.663667 -72.296000 25 
HOCH, -41.907500 -72.408333 165 
2490, -40.683833 -72.603333 209 
PUYE, -40.683833 -72.603333 209 
ILCA, -42.060833 -72.536833 15 
CTRO, -42.481500 -73.781500 92 
CTAO, -41.802167 -72.718167 10 
CNTO, -41.802167 -72.718167 10 
CANT, -42.945833 -72.672667 30 
HUDS, -46.058333 -72.689833 1000 
AYSZ, -45.378000 -72.688000 60 
TS1, -45.458500 -72.823167 42 
TS2, -45.374833 -73.035000 35 
TS3, -45.407667 -73.066167 5 
TS4, -45.372000 -73.126833 2 
TS5, -45.321667 -73.088333 35 
TS6, -45.395000 -73.006000 5 
OSOR, -41.120000 -72.530000 1170 
CALB, -41.250000 -72.750000 200 
PVAR, -41.310000 -72.980000 100 
NIEL, -38.720000 -72.580000 350 
CEN1, -23.579000 -70.334000 1090 
CHRN, -47.249333 -72.590333 198 
4F91, -951.683333 -584.283333 1482 
4715, -425.183333 -633.683333 2005 
4710, -504.300000 -772.200000 768 
4F92, -475.983333 -611.183333 1450 
4F93, -996.700000 -322.600000 904 
4F90, -38.462000 -71.699833 1000 
PLCA, -40.732833 -70.550833 1050 
LPAZ, -16.287833 -68.123500 4769 
CO01, -29.977333 -70.094000 2157 
CO02, -31.203500 -71.000167 1149 
CO03, -30.839000 -70.689167 990 
CO04, -32.043333 -70.974667 2401 
CO05, -29.918667 -71.238333 101 
CO06, -30.673833 -71.635000 240 
CO10, -29.240500 -71.460833 35 
AC01, -26.147833 -70.598667 390 
AC02, -26.835500 -69.130167 3390 
AC04, -28.204667 -71.081500 270 
AC05, -28.836333 -70.273833 1286 
AC06, -27.357333 -70.354333 425 
AT03, -27.239167 -70.745500 321 
AC03, -27.239167 -70.745500 321 
BI03, -36.843833 -73.025833 196 
BI04, -38.412000 -73.885333 61 
BI06, -36.131333 -72.788500 23 
LAJA, -37.281000 -72.711167 84 
PMSA, -64.774167 -64.049000  
EFI, -51.675167 -58.063667 110 
RCBR, -54.160833 -35.901333 420 
HOPE, -54.283500 -36.487833  
QF02B, -34.401833 -72.016000 93 
VETA, -39.434833 -71.961333 1840 
LLIF, -40.206333 -72.261333 320 
TUPU, -33.356833 -69.844667 4095 
PINT, -41.810500 -72.352833 1567 
VICU, -18.408000 -69.109667 5176 
CAST, -36.224333 -71.212500 311 
BOSQ, -37.849500 -71.009833 1661 
CHCY, -37.401167 -71.412000 44 
ENQU, -19.206500 -68.826167 4149 
QUIR, -40.348833 -72.113000 326 
SNJO, -33.810667 -69.943000 3611 
PAJO, -25.082500 -68.554333 4453 
AZUF, -34.837500 -70.364500 3852 
COLO, -36.133500 -70.471167 2285 
FILO, -38.348167 -71.605667 1846 
CAQ, -37.945000 -71.408167 2354 
PINT, -41.810500 -72.352833 1567 
CARR, -35.217833 -70.629667 2024 
ELTO, -37.380833 -71.380333 1507 
ADU2, -35.147333 -70.471333 2061 
ARAN, -35.786500 -70.778167 1260 
AVAL, -21.246000 -68.296000 3768 
PORU, -21.870167 -68.483833 3616 
BLOQ, -20.719667 -68.582667 4155 
LASC, -23.347167 -67.781833 4219 
GUP, -35.541167 -71.036333 2270 
ADAL, -46.031500 -72.749000 1159 
AYSN, -45.378333 -72.688167 63 
CHAC, -45.428000 -72.761167 67 
VNTQ, -42.881500 -72.455167 458 
PHPI, -44.320500 -72.567833 47 
PDRA, -42.853500 -72.346000 1493 
MLLO, -43.205667 -72.880667 110 
MGDN, -44.634833 -72.925000 59 
RMBA, -43.888833 -72.906833 37 
LOPS, -44.113667 -73.118333 44 
PSTO, -42.811167 -72.364833 1311 
GLCR, -42.784333 -72.510167 843 
CYQE, -45.541000 -72.055167 504 
LJUN, -43.993333 -72.462333 307 
USPA, -44.952500 -73.103333 15 
HUEM, -45.865667 -73.113000 1224 
CUEV, -45.169167 -73.095667 1161 
YLTN, -45.058167 -73.108667 1019 
IN41, -30.002667 -71.315667 171 
IN40, -29.966333 -71.249667 158 
A13P, -18.518833 -70.179333 291 
A16P, -19.160000 -70.179667 128 
A06P, -18.469667 -70.293333 76 
A04P, -18.833667 -69.744500 1897 
A05P, -18.486333 -70.300500 76 
T13A, -20.496333 -69.337500 1348 
T18A, -20.708000 -68.695167 3805 
A13F, -22.086500 -70.196000 51 
A14F, -22.093500 -70.200167 70 
A06F, -22.344167 -69.658167 1288 
A12P, -18.452667 -70.066667 604 
A07F, -21.627833 -69.551167 837 
A11F, -21.424833 -70.056833 45 
A03P, -18.497167 -69.154000 4286 
A20F, -22.453667 -68.910000 2333 
C10O, -30.233833 -71.081667 1085 
C19O, -30.093500 -71.369000 94 
C26O, -30.259000 -71.490333 35 
C04O, -29.942333 -71.263167 52 
C06O, -29.917833 -71.200833 170 
C33O, -29.910667 -71.250833 55 
C01O, -29.877000 -71.237833 107 
C20O, -29.968167 -71.337333 69 
C22O, -29.965500 -71.351167 46 
C13O, -30.579333 -71.494500 245 
C18O, -30.277667 -70.669167 1235 
C14O, -30.123167 -70.490667 1263 
C09O, -29.510500 -71.200167 612 
C07O, -31.633667 -71.167500 333 
A24C, -29.098500 -70.460833 1644 
A23C, -28.972833 -70.215667 1339 
A22C, -28.754833 -70.485500 828 
C11O, -30.696333 -70.958833 454 
M10L, -35.843000 -72.630167 42 
M13L, -36.142500 -71.823167 195 
B06I, -36.486167 -72.700333 61 
M09L, -35.590833 -72.281333 433 
B01I, -36.842500 -73.113167 32 
B04I, -37.088333 -73.160333 68 
T15A, -20.239333 -70.053833 731 
T12A, -20.070667 -69.217167 2810 
B02I, -36.782833 -73.102000 34 
B17I, -37.038167 -72.405167 152 
A10Y, -45.164167 -73.523333 37 
L06R, -40.293167 -73.084333 51 
L10R, -40.069500 -72.872833 110 
L07R, -40.128000 -72.393500 154 
L09L, -41.865167 -73.826167 46 
L05L, -41.153667 -73.417500 171 
V07A, -33.365500 -71.669000 66 
V02A, -33.023167 -71.517833 269 
R12M, -33.388667 -70.621500 544 
R13M, -33.215500 -70.766833 530 
V05A, -32.969833 -71.542500 54 
V11A, -32.755667 -70.726167 679 
R02M, -33.472833 -70.659833 553 
R21M, -33.381000 -70.796167 499 
R18M, -33.508500 -70.748833 521 
R19M, -33.698500 -71.217167 208 
R05M, -33.443167 -70.534333 732 
R20M, -33.665167 -70.929333 365 
V06A, -33.037500 -71.632667 47 
A30C, -27.069833 -70.820500 59 
A10F, -25.411000 -70.484167 66 
A16C, -26.249500 -69.625500 2272 
A17C, -26.753500 -69.905667 1624 
A19C, -27.830333 -70.108000 997 
A27C, -27.367167 -70.330667 425 
A28C, -27.466500 -70.265333 520 
A29C, -27.421833 -70.259667 494 
C15O, -29.373000 -71.114833 317 
A01C, -27.070500 -70.826833 63 
A04C, -27.299667 -70.413167 344 
A05C, -27.361167 -70.339833 413 
A06C, -27.349333 -70.347833 398 
A08C, -27.360333 -70.338500 420 
A09C, -28.574667 -70.783000 441 
A10C, -28.580000 -70.758000 422 
A11C, -28.602000 -70.762667 563 
A12C, -28.593667 -70.756833 578 
A14C, -26.342000 -70.612167 61 
A15C, -26.392500 -70.047833 823 
A23F, -22.336833 -68.650500 2583 
A26F, -25.108667 -70.495833 48 
B05I, -36.547833 -72.936000 34 
B16I, -36.801667 -72.029000 253 
B09I, -37.329167 -71.659500 588 
B22I, -36.690333 -73.113667 154 
B07I, -36.815667 -73.026500 35 
B20I, -36.910833 -71.479333 1273 
B15I, -37.462333 -72.350500 158 
B18I, -37.470333 -72.366667 157 
B11I, -38.344667 -73.493500 25 
AY05, -45.150833 -73.511667 20 
V25A, -33.194000 -71.792500 3 
